1.947681062329175
3.195336618680059
5.550255585202864
3.037889822514344
5.177260880599858
4.156033766704282
4.576740890049659
2.594362663016673
4.117222737048996
4.5503194696614875
3.789804968766392
6.734080705701703
3.06979600067533
1.5548044353659451
5.990860689767471
4.641572935888274
4.113578984432042
3.743411324433941
3.73770167786265
5.278413602514656
3.929186487215588
3.016377522935514
2.949329714364882
3.0403456228707344
5.384962077339284
4.823720015167618
5.167324518802313
3.188554349419106
4.537182365420381
4.1009984242222
5.643349753694581
3.8112948621626592
3.764329747651958
3.977115195965318
6.120550023707918
4.599194880285695
4.960989568909813
3.61100590652627
5.828096523027565
4.712745054647039
3.22675238097917
4.842164201580833
0.9226690080806169
4.5471474570390455
5.018040392028991
3.301978649672772
3.023275518347076
3.347762326001413
2.107200213301304
5.730600293320003
3.115919246048647
4.788545553587202
3.471883439943142
4.732788546843778
5.652367535885291
3.2220118397579407
5.059858159749901
5.596807741737625
3.2491142536288637
5.376670469039493
4.260893939464787
4.93225788789728
4.463582686066484
4.485452993174953
3.182060429373206
4.509719555501852
5.276341599132726
5.1085258625647105
2.908463219145782
5.590769059538122
3.373848402483845
3.29203868606437
4.023230720786768
4.272518434599871
4.3180515063074765
5.849878863812462
3.223273774854393
1.895026754164563
4.411313979201981
4.084709659867561
4.21390092922007
3.5759668986081974
3.517989945615857
5.907174144287418
5.879100837856593
3.976397774580746
4.045812026536225
4.417200417036447
1.0
4.051040003854543
5.304795600642263
3.945638745381953
4.349440548811814
4.34225566476814
4.407908727754624
3.8464263596411636
4.752316848600305
4.077641267665734
4.420536315815748
5.945363359131493
3.613642112316644
3.876419330550048
4.557771391486382
4.6617927826402035
5.587764762133427
5.377687379406581
4.6571542506006605
4.047223422542428
3.772159005229783
4.294261895138602
4.040588569829961
2.87917544403683
3.874832575019426
3.234709948204137
3.997647584161451
3.545596125476777
4.389021875265472
5.112465055715014
2.446505333138196
3.193413144868166
2.908263724088826
3.899959853359357
2.772516633938582
3.550290589670662
1.9977300611684219
2.139476268004483
4.237415508276195
4.158729502421968
4.004609777451998
3.8023002169318882
3.781671070900928
4.31450454365724
3.617973507348151
4.166087339639758
6.836439290436441
4.352778061361398
3.1839700600709673
3.490268881259332
4.344766510376162
2.777568709500764
5.289098509466244
6.902125735888885
3.5071173244524396
3.4893235011279167
4.877689738476129
4.016989999094347
6.572871325474342
4.2391520513394845
4.955390264431717
4.478485129114269
3.047478767523715
4.099388306333376
3.283846033274865
4.575703187218831
3.791804800576083
5.752860080710144
1.9346872820392351
5.52378766460256
4.662118137030525
4.927840500220471
3.1949666943210904
6.091046361177278
5.307549531271501
5.246716124016192
5.712511420914026
1.0
5.118989572339907
2.2370962624532007
4.8088306872541295
3.246620056588921
5.507757984939562
4.575517640934419
5.78222346062993
4.23225154964499
1.0
4.771256159879345
5.523596704999741
5.5209179000987225
4.691478327780231
5.069543049464878
1.0
3.033052932019122
5.26473962614254
6.681932062105106
1.0
3.521633929382588
2.664298575851312
1.0
1.0
1.0
1.0
1.0
1.0
1.0
1.0
1.0
5.648185864383771
5.5907746614114595
5.333403104805853
6.507169021454736
4.941077492340699
5.906563963662212
1.0
5.130921184242931
4.972410315324352
4.513993856735873
4.269980997269958
4.848161371121822
1.0
1.0