6378515
6378515
7904050
108653982
7900378
57569080
12291988
75667747
23978901
43520585
7899767
7899766
12311052
16690017
7899886
7899767
29226070
45277976
7899767
53437354
7899767
16571834
16720371
7899882
7899767
25194305
16682446
47060567
7899155
43220677
7899768
34593261
25710522
7899238
7899155
12283727
10146378
7899767
33936899
10290288
7899767
50487491
7899155
7899767
21372599
7899880
7900003
7921610
7899884
16847670
16458780
7899234
7901598
43401296
7899155
7899884
7899767
79481731
25221469
65899179
17440509
7899155
7899767
7899766
7899888
16420867
46233579
25975088
7899768
7902945
12408788
362499257
7899155
78044298
7992237
34155722
17101834
7899767
7899767
7899884
7899767
20876218
7899767
43392015
34215594
17020098
25182474
7899938
7899766
7899766
80270807
7899767
7899767
7899767
7899938
7899767
7899766
26176218
25731259
14416696
7899886
7899767
34732714
25500875
7899766
8201612
7952927
7941756
38613316
19056890
20467287
7899767
12010235
16779443
7899767
7899235
24792856
27061294
16382473
47610084
7899886
43386341
7899766
27531061
21090526
25312819
50158961
23556607
12016530
16650690
42861627
40807718
21454337
7899155
7899155
25858079
30183579
7899155
23208480
7899767
313729450
149153646
7899766
12256015
7899766
12331476
149492267
68075061
61173303
26028765
7899767
7899767
7899767
7899155
7899766
29596907
7899766
62686829
21103929
36604280
7899888
7899766
7899767
12434538
74224712
55389480
45315836
7899155
7899766
25127213
61204615
7901602
20698929
16118721
20748482
58442423
7899886
75408673
25266995
25585044
42772642
38730176
7899886
69239035
7900499
25523913
126387368
7899767
145195553
149254540
150818821
137597027
145468948
139618942
145022952
132140666
38728589
30483974
29447103
7899766
34254882
5525165
21263825
32757484
34540165
21318058
7899886
14485683
7899767
313733522